<?xml version="1.0" encoding="UTF-8" standalone="no"?>
<svg
   xmlns:dc="http://purl.org/dc/elements/1.1/"
   xmlns:cc="http://creativecommons.org/ns#"
   xmlns:rdf="http://www.w3.org/1999/02/22-rdf-syntax-ns#"
   xmlns:svg="http://www.w3.org/2000/svg"
   xmlns="http://www.w3.org/2000/svg"
   viewBox="0 0 706.56 310.72"
   height="310.72"
   width="706.56"
   xml:space="preserve"
   id="svg2"
   version="1.1"><metadata
     id="metadata8"><rdf:RDF><cc:Work
         rdf:about=""><dc:format>image/svg+xml</dc:format><dc:type
           rdf:resource="http://purl.org/dc/dcmitype/StillImage" /></cc:Work></rdf:RDF></metadata><defs
     id="defs6"><clipPath
       id="clipPath18"
       clipPathUnits="userSpaceOnUse"><path
         style="clip-rule:evenodd"
         id="path16"
         d="M 0,0 H 2206.25 V 970.84961 H 0 Z" /></clipPath><clipPath
       id="clipPath30"
       clipPathUnits="userSpaceOnUse"><path
         style="clip-rule:evenodd"
         id="path28"
         d="M 0,0 H 2206.25 V 970.84961 H 0 Z" /></clipPath><clipPath
       id="clipPath42"
       clipPathUnits="userSpaceOnUse"><path
         style="clip-rule:evenodd"
         id="path40"
         d="M 0,0 H 2206.25 V 970.84961 H 0 Z" /></clipPath><clipPath
       id="clipPath152"
       clipPathUnits="userSpaceOnUse"><path
         style="clip-rule:evenodd"
         id="path150"
         d="M 96.875,646.875 H 868.75 V 693.75 H 96.875 Z" /></clipPath><clipPath
       id="clipPath170"
       clipPathUnits="userSpaceOnUse"><path
         style="clip-rule:evenodd"
         id="path168"
         d="M 96.875,706.25 H 868.75 v 50 H 96.875 Z" /></clipPath><clipPath
       id="clipPath188"
       clipPathUnits="userSpaceOnUse"><path
         style="clip-rule:evenodd"
         id="path186"
         d="M 96.875,768.75 H 868.75 v 46.875 H 96.875 Z" /></clipPath><clipPath
       id="clipPath206"
       clipPathUnits="userSpaceOnUse"><path
         style="clip-rule:evenodd"
         id="path204"
         d="M 96.875,828.125 H 868.75 v 50 H 96.875 Z" /></clipPath></defs><g
     transform="matrix(0.31999998,0,0,0.31999998,0,1.1101333e-5)"
     id="g10"><g
       id="g12"><g
         clip-path="url(#clipPath18)"
         id="g14"><g
           transform="scale(3.125)"
           id="g20"><path
             id="path22"
             style="fill:#ffffff;fill-opacity:1;fill-rule:nonzero;stroke:none"
             d="M 0,0 H 706 V 310.5625 H 0 Z" /></g></g></g><g
       id="g24"><g
         clip-path="url(#clipPath30)"
         id="g26"><g
           transform="scale(3.125)"
           id="g32"><path
             id="path34"
             style="fill:#ffffff;fill-opacity:1;fill-rule:nonzero;stroke:none"
             d="M 0,0 H 706 V 311 H 0 Z" /></g></g></g><g
       id="g36"><g
         clip-path="url(#clipPath42)"
         id="g38"><g
           transform="matrix(0.20497181,0,0,0.20497181,77.419487,28.125)"
           id="g44"><path
             id="path46"
             style="fill:#d0d0d0;fill-opacity:1;fill-rule:nonzero;stroke:none"
             d="m 1126,342.60001 -21,19 -32,24 -3,3 -2,4 -7,2 c -3.3334,-0.66666 -5.6666,0.33334 -7,3 2,9 -27,53 -25,67 l -1,3 -10,7 5,1 9,4 5,1 3,1 1,1 h 2 l 1,1 3,1 2,1 h 1 l 2,1 11,4 4,1 6,3 1,1 5,2 4,1 2,1 h 2 l 3,2 h 1 l 1,1 h 2 l 3,2 h 2 l 2,1 3,1 h 3 l 2,1 10,4 3,0.99997 h 1 l 3,1 2,1 h 2 v 1 h 1 l 4,1 h 2 v 1 c 1,0 9,4 8,-4 3,-8.99997 21,-29.99997 28,-36.99997 10,4 15,8 24,14 l 5,-5 -19,-13 -25,-18 c 2,-4 1,-4 -2,-8 -1,-2 -26,-16 -30,-19 l -24,-16 1,-2 c 10,-4 42,-32 47,-42 -1,-21 -2,-25 -24,-25" /><path
             id="path48"
             style="fill:#a7a7a8;fill-opacity:1;fill-rule:nonzero;stroke:none"
             d="m 1030,468.60001 c -9.2,0 -14.4,4.89999 -16.2,8.19998 L 972.59998,600.59998 927.5,737.40002 c -1.09998,1.19996 -4.70001,0.1 -7.70001,-1.40002 L 816.20001,661.5 C 751,614.5 727.90002,595.5 703,581.5 c -9,-5 -34,-2 -294,-2 -260,0 -287,-1 -297,1 -11.6,6 -36.300003,-15.29999 -85,303.59998 C -9,1363.4 4,1344.3001 7.3000002,1354.6 8.1999998,1356.9 17.4,1376.8001 67,1370.6 c 49.6,-6 62.60001,-9.4 63.60001,-16 2.19999,-13.4 3.29998,-51.7999 3.79998,-218.5 0.5,-166.80001 1,-172.30001 1.70002,-177.69998 0.39999,-0.93335 1.06666,-1.30004 2,-1.10003 0.69999,0 1.69999,0.5 1.89999,2.29999 l 47,588.90002 432,-1 22.5,-264 40.5,-457.5 0.29999,-0.40002 c 14.5,0.40002 62.79999,24 171.79999,71 108.90002,47 145.90002,65 155.90002,63 11,-1 31,-68 81.5,-208.5 50.5,-140.5 71.5,-204 74,-220.5 0,-1.79999 -0.6999,-3.5 -3,-5 0,0 -113.5,-56.99997 -132.5,-56.99997" /><path
             id="path50"
             style="fill:#d0d0d0;fill-opacity:1;fill-rule:nonzero;stroke:none"
             d="m 9,1357.6 h 120 c 0,7.8136 -0.38429,15.5522 -1.15289,23.2157 -0.7686,7.6636 -1.90672,15.1047 -3.41435,22.3235 -1.50764,7.2188 -3.35585,14.0767 -5.54461,20.5735 -2.18875,6.4969 -4.676,12.5079 -7.46176,18.0329 -2.78576,5.525 -5.81648,10.4581 -9.09218,14.7991 -3.275715,4.341 -6.733456,8.0067 -10.373219,10.9968 -3.639763,2.9901 -7.391617,5.2473 -11.25557,6.7717 -3.86396,1.5243 -7.765762,2.2867 -11.705413,2.2868 -3.939659,-10e-5 -7.841465,-0.7625 -11.705422,-2.2868 -3.863956,-1.5244 -7.615822,-3.7816 -11.255588,-6.7717 -3.639771,-2.9901 -7.097508,-6.6558 -10.373211,-10.9968 -3.275704,-4.341 -6.306435,-9.2741 -9.092192,-14.7991 -2.785757,-5.525 -5.273014,-11.536 -7.461769,-18.0329 -2.188757,-6.4968 -4.036956,-13.3547 -5.544598,-20.5735 -1.50764,-7.2188 -2.645755,-14.6599 -3.414344,-22.3235 C 9.3842945,1373.1522 9,1365.4136 9,1357.6 M 401,195.60001 c -6.46628,0.003 -12.90475,0.52711 -19.31543,1.5733 -6.41064,1.04619 -12.73868,2.60516 -18.98407,4.67692 -6.24542,2.07177 -12.3548,4.6386 -18.32809,7.70051 -5.9733,3.06192 -11.75946,6.59271 -17.35849,10.59239 -5.59903,3.99968 -10.96302,8.434 -16.09201,13.30301 -5.12894,4.86902 -9.97901,10.13105 -14.55018,15.78611 -4.57119,5.65506 -8.82437,11.65477 -12.75958,17.99916 -3.93518,6.34437 -7.51871,12.97913 -10.75055,19.9043 -3.23187,6.92514 -6.08444,14.08148 -8.55771,21.46897 -2.47326,7.38748 -4.54608,14.94293 -6.21844,22.66635 -1.67236,7.72342 -2.92998,15.54873 -3.77281,23.47595 -0.84284,7.92721 -1.26371,15.88852 -1.26262,23.88397 0.001,7.99545 0.42413,15.9566 1.26915,23.88348 0.84501,7.92685 2.10475,15.75165 3.77922,23.4744 1.67447,7.72269 3.74933,15.27728 6.22461,22.66373 2.47531,7.38638 5.32983,14.5415 8.5636,21.46533 3.23373,6.9238 6.81909,13.55707 10.75601,19.89978 3.93689,6.34274 8.19171,12.3407 12.76443,17.99387 4.57273,5.65313 9.42426,10.91314 14.55454,15.78002 5.13028,4.86689 10.49551,9.29896 16.09564,13.29627 5.60013,3.99731 11.38727,7.52563 17.36142,10.58502 5.97415,3.05945 12.0842,5.62378 18.3302,7.69293 6.24594,2.06916 12.5744,3.62549 18.98538,4.66901 6.41092,1.04346 12.84952,1.56519 19.3158,1.56525 6.46628,-6e-5 12.90488,-0.52179 19.31582,-1.56525 6.41092,-1.04352 12.73938,-2.59985 18.98539,-4.66901 6.24594,-2.06915 12.35601,-4.63348 18.33017,-7.69287 5.97415,-3.05938 11.76126,-6.58777 17.36139,-10.58508 5.60012,-3.99731 10.96533,-8.42944 16.09561,-13.29633 5.13034,-4.86682 9.98187,-10.12683 14.55459,-15.77996 4.57273,-5.65317 8.82752,-11.65113 12.76441,-17.99387 3.93695,-6.34271 7.52228,-12.97598 10.75604,-19.89978 3.23376,-6.92383 6.08832,-14.07895 8.5636,-21.46533 2.47528,-7.38645 4.55017,-14.94104 6.22467,-22.66373 1.67444,-7.72275 2.93414,-15.54755 3.77917,-23.47443 0.84504,-7.92685 1.26807,-15.888 1.26911,-23.88345 10e-4,-7.99545 -0.4198,-15.95679 -1.26264,-23.884 -0.84283,-7.92722 -2.1004,-15.7525 -3.77276,-23.47592 -1.67243,-7.72342 -3.74524,-15.27884 -6.21845,-22.66632 -2.47333,-7.38749 -5.32586,-14.5438 -8.55768,-21.46894 -3.23187,-6.92517 -6.81543,-13.55993 -10.75061,-19.90429 -3.93518,-6.3444 -8.18835,-12.34414 -12.75952,-17.99918 -4.57119,-5.65508 -9.42126,-10.91711 -14.55026,-15.78613 -5.12897,-4.86902 -10.49295,-9.30336 -16.09198,-13.30304 -5.59903,-3.99968 -11.38522,-7.53047 -17.35852,-10.59239 -5.9733,-3.06191 -12.08267,-5.62873 -18.32806,-7.70049 -6.24543,-2.07178 -12.57349,-3.63075 -18.98417,-4.67694 -6.41064,-1.04619 -12.84909,-1.57062 -19.31533,-1.5733 z" /><path
             id="path52"
             style="fill:#fafafa;fill-opacity:1;fill-rule:nonzero;stroke:none"
             d="m 1181,22.6 -6,4 c -5,-2 -6,-3 -11,-2 -4,1 -4,1 -8,-2 -9.3334,11.999998 -17.6666,24.999998 -25,38.999998 -12,22 -30,40.000002 -37,64.000002 l -2,3.00001 c -18,14 -41,58 -56,78 -23,30 -41,63 -62,94 l -12,21 c -3.33331,8 -1.33331,14.33334 6,19 6,6 78,55 86,57 1.3334,-2.66666 3.6666,-3.66666 7,-3 3.3334,-0.66666 6.3334,-2 9,-4 l 2,-1 1,-4 32,-24 21,-19 c 22,0 23,4 24,25 -5,10 -37,38 -47,42 l -1,2 24,16 c 4,3 29,17 30,19 3,4 4,4 2,8 l 25,18 19,13 -5,5 c 5.3334,6.66665 11.6666,11.66665 19,15 13,6.99997 24,16.99997 35,1 l 6,-10 c 17,-31 40,-57 57,-88 13,-24 30,-42 42,-67 l 3,-3 c 21,-29 45,-69 64,-99 8,-8 19,-21 24,-30 v -19 l -24,-14 -33,-20 -7,-4 c -22,-18 -59,-38.00001 -84,-54.000012 -12,-7 -19,-13 -29,-21 -8,-3.333335 -15.3334,-7.333335 -22,-12 -21,-15 -46,-28 -67,-42.999998" /><path
             id="path54"
             style="fill:none;stroke:#49484b;stroke-width:1;stroke-linecap:butt;stroke-linejoin:miter;stroke-miterlimit:10;stroke-dasharray:none;stroke-opacity:1"
             d="M 1172.1,13.9 959.90002,332.39999 1244.4,511 1456.6,192.39999 Z" /><path
             id="path56"
             style="fill:#d0d0d0;fill-opacity:1;fill-rule:nonzero;stroke:none"
             d="m 1126,342.60001 -21,19 -32,24 -2.1999,2.19998 -0.4001,0.30002 c -3.2,3 -6.4,5.6 -9.7,6.1 l -4.6,1 -0.6,0.4 c -0.6,0.53332 -1.1,1.19998 -1.5,2 l -1.1,2.19998 L 1049.3001,413 c -3,6.60001 -6.9001,14.29999 -10.5,21.79999 l 2.1999,3.90002 c 0.3334,0.66666 0.7667,1.33335 1.3001,2 2,2 3.5999,3.4 6,4.59998 4.3999,2.1 9.0999,3 13.7999,3.80002 l 3,0.39999 c 1.6,0.19998 3.1667,0.26666 4.7001,0.20001 1.6666,0.13333 3.2666,-0.0667 4.7999,-0.6 0.7001,-0.30002 1.9,-1.4 2.3,-1.9 0.4667,-0.46667 0.8666,-0.96667 1.2,-1.5 0.5333,-0.53335 1,-1.1 1.4,-1.70001 0.9334,-1.33334 1.7667,-2.66666 2.5,-4 l 0.8001,-1.29999 0.1999,-0.90002 0.2,-0.19998 0.2,-0.20002 c 0,-0.26666 0.067,-0.5 0.2,-0.69998 l 0.2001,-0.30002 0.2999,-0.69998 c 0,-0.13333 0.1,-0.30002 0.3,-0.5 l 9.6,-3.40002 2.4,-6.69998 c 0,0 3.8,-5.9 6.3,-15 l 0.3,-0.5 c 10,-4 42,-32 47,-42 -1,-21 -2,-25 -24,-25" /></g><g
           transform="matrix(3.125,0,0,3.125,537.5,215.625)"
           id="g58"><path
             id="path60"
             style="fill:none;stroke:#000000;stroke-width:1;stroke-linecap:butt;stroke-linejoin:miter;stroke-miterlimit:10;stroke-dasharray:none;stroke-opacity:1"
             d="M 0,20 H 50" /><path
             id="path62"
             style="fill:#000000;fill-opacity:1;fill-rule:nonzero;stroke:none"
             d="M 50,10 70,20 50,30 Z" /></g><g
           transform="scale(3.125)"
           id="g64"><path
             id="path66"
             style="fill:#ffffff;fill-opacity:1;fill-rule:nonzero;stroke:none"
             d="M 282,89 V 67 c -3e-5,-1.247566 0.12167,-2.483139 0.36505,-3.706722 0.24338,-1.223587 0.60376,-2.411679 1.08118,-3.56427 0.47742,-1.152592 1.06268,-2.24754 1.75577,-3.284848 0.69314,-1.037307 1.48077,-1.997039 2.36294,-2.879192 0.88217,-0.88216 1.84189,-1.669792 2.87921,-2.3629 1.03733,-0.693107 2.13227,-1.27837 3.28485,-1.755787 1.15259,-0.47742 2.34067,-0.837822 3.56427,-1.081203 C 298.51688,48.121693 299.75244,48 301,48 h 104 c 1.24753,0 2.48309,0.121693 3.70663,0.365082 1.22361,0.243381 2.41169,0.603782 3.56427,1.081203 1.15259,0.477417 2.24753,1.06268 3.28483,1.755787 1.03732,0.693104 1.99707,1.480736 2.87924,2.362896 0.88211,0.882153 1.66974,1.841885 2.36285,2.879192 0.69312,1.037308 1.27838,2.132256 1.75583,3.284848 0.47742,1.152591 0.83783,2.340683 1.08124,3.564274 C 423.87827,64.516861 423.99997,65.752434 424,67 v 22 c -3e-5,1.247559 -0.12173,2.483131 -0.36514,3.706711 -0.24341,1.223579 -0.60382,2.411667 -1.08124,3.564262 -0.47745,1.152596 -1.06271,2.247544 -1.7558,3.284851 -0.69311,1.037296 -1.48074,1.997036 -2.36285,2.879196 -0.88217,0.88215 -1.84192,1.66978 -2.87924,2.36289 -1.0373,0.6931 -2.13224,1.27836 -3.28483,1.75579 -1.15258,0.47741 -2.34066,0.83782 -3.56423,1.08121 C 407.48309,107.8783 406.24753,107.99999 405,108 H 301 c -1.24756,-1e-5 -2.48312,-0.1217 -3.70673,-0.36508 -1.2236,-0.2434 -2.41168,-0.60381 -3.56427,-1.08122 -1.15258,-0.47743 -2.24752,-1.06269 -3.28485,-1.75579 -1.03732,-0.69311 -1.99704,-1.48074 -2.87921,-2.36289 -0.88217,-0.88216 -1.6698,-1.8419 -2.36294,-2.879203 -0.69309,-1.0373 -1.27835,-2.132248 -1.75577,-3.284844 -0.47742,-1.152595 -0.8378,-2.340683 -1.08118,-3.564262 C 282.12167,91.483131 281.99997,90.247559 282,89 Z" /><path
             id="path68"
             style="fill:none;stroke:#000000;stroke-width:1;stroke-linecap:butt;stroke-linejoin:miter;stroke-miterlimit:10;stroke-dasharray:none;stroke-opacity:1"
             d="M 282,89 V 67 c -3e-5,-1.247566 0.12167,-2.483139 0.36505,-3.706722 0.24338,-1.223587 0.60376,-2.411679 1.08118,-3.56427 0.47742,-1.152592 1.06268,-2.24754 1.75577,-3.284848 0.69314,-1.037307 1.48077,-1.997039 2.36294,-2.879192 0.88217,-0.88216 1.84189,-1.669792 2.87921,-2.3629 1.03733,-0.693107 2.13227,-1.27837 3.28485,-1.755787 1.15259,-0.47742 2.34067,-0.837822 3.56427,-1.081203 C 298.51688,48.121693 299.75244,48 301,48 h 104 c 1.24753,0 2.48309,0.121693 3.70663,0.365082 1.22361,0.243381 2.41169,0.603782 3.56427,1.081203 1.15259,0.477417 2.24753,1.06268 3.28483,1.755787 1.03732,0.693104 1.99707,1.480736 2.87924,2.362896 0.88211,0.882153 1.66974,1.841885 2.36285,2.879192 0.69312,1.037308 1.27838,2.132256 1.75583,3.284848 0.47742,1.152591 0.83783,2.340683 1.08124,3.564274 C 423.87827,64.516861 423.99997,65.752434 424,67 v 22 c -3e-5,1.247559 -0.12173,2.483131 -0.36514,3.706711 -0.24341,1.223579 -0.60382,2.411667 -1.08124,3.564262 -0.47745,1.152596 -1.06271,2.247544 -1.7558,3.284851 -0.69311,1.037296 -1.48074,1.997036 -2.36285,2.879196 -0.88217,0.88215 -1.84192,1.66978 -2.87924,2.36289 -1.0373,0.6931 -2.13224,1.27836 -3.28483,1.75579 -1.15258,0.47741 -2.34066,0.83782 -3.56423,1.08121 C 407.48309,107.8783 406.24753,107.99999 405,108 H 301 c -1.24756,-1e-5 -2.48312,-0.1217 -3.70673,-0.36508 -1.2236,-0.2434 -2.41168,-0.60381 -3.56427,-1.08122 -1.15258,-0.47743 -2.24752,-1.06269 -3.28485,-1.75579 -1.03732,-0.69311 -1.99704,-1.48074 -2.87921,-2.36289 -0.88217,-0.88216 -1.6698,-1.8419 -2.36294,-2.879203 -0.69309,-1.0373 -1.27835,-2.132248 -1.75577,-3.284844 -0.47742,-1.152595 -0.8378,-2.340683 -1.08118,-3.564262 C 282.12167,91.483131 281.99997,90.247559 282,89 Z" /><text
             id="text72"
             style="font-variant:normal;font-weight:bold;font-size:13px;font-family:Arial;-inkscape-font-specification:Arial-BoldMT;writing-mode:lr-tb;fill:#000000;fill-opacity:1;fill-rule:nonzero;stroke:none"
             transform="translate(322.29688,73)"><tspan
               id="tspan70"
               y="0"
               x="0 9.3881836 14.447266 18.776367 26.006348 30.335449 37.56543 44.79541 49.124512 57.06543">Artefacto:</tspan></text>
<text
             id="text76"
             style="font-variant:normal;font-weight:normal;font-size:13px;font-family:ArialMT;-inkscape-font-specification:ArialMT;writing-mode:lr-tb;fill:#000000;fill-opacity:1;fill-rule:nonzero;stroke:none"
             transform="translate(303.85938,90)"><tspan
               id="tspan74"
               y="0"
               x="0 9.3881836 16.618164 23.848145 30.348145 36.848145 44.078125 51.308105 54.919922 63.59082 70.820801 75.149902 81.649902 84.538086 91.038086">CheckoutService</tspan></text>
</g><g
           transform="matrix(3.125,0,0,3.125,1450,215.625)"
           id="g78"><path
             id="path80"
             style="fill:none;stroke:#000000;stroke-width:1;stroke-linecap:butt;stroke-linejoin:miter;stroke-miterlimit:10;stroke-dasharray:none;stroke-opacity:1"
             d="M 0,20 H 50" /><path
             id="path82"
             style="fill:#000000;fill-opacity:1;fill-rule:nonzero;stroke:none"
             d="M 50,10 70,20 50,30 Z" /></g><g
           transform="matrix(0.20953065,0,0,0.20953065,1868.75,123.97031)"
           id="g84"><path
             id="path86"
             style="fill:#000000;fill-opacity:1;fill-rule:nonzero;stroke:none"
             d="m 1044,514 c 0,16.70319 -0.8186,33.36609 -2.4558,49.98877 -1.6372,16.62274 -4.0852,33.12512 -7.3439,49.50726 -3.2585,16.3822 -7.3121,32.56525 -12.1608,48.54914 -4.8487,15.98394 -10.4691,31.69171 -16.8611,47.12335 -6.39196,15.4317 -13.52484,30.51294 -21.39868,45.24383 -7.87384,14.7309 -16.45062,29.04035 -25.73034,42.92847 -9.27973,13.88812 -19.21771,27.28809 -29.81409,40.19977 -10.59631,12.91168 -21.79993,25.27301 -33.6109,37.08386 -11.81085,11.81097 -24.17218,23.01459 -37.08386,33.6109 -12.91168,10.59632 -26.31165,20.5343 -40.19977,29.81403 -13.88812,9.27978 -28.19763,17.85656 -42.92847,25.73041 -14.73089,7.87384 -29.81213,15.00671 -45.24383,21.39868 -15.43164,6.39203 -31.13941,12.01233 -47.12336,16.86103 -15.98388,4.8487 -32.16693,8.9023 -48.54913,12.1609 -16.38214,3.2587 -32.88452,5.7066 -49.50726,7.3438 C 567.36603,1023.1814 550.70313,1024 534,1024 c -16.70312,0 -33.36603,-0.8186 -49.98874,-2.4558 -16.62268,-1.6372 -33.12512,-4.0852 -49.50732,-7.3438 -16.38217,-3.2586 -32.56522,-7.3123 -48.54914,-12.1609 -15.98391,-4.8487 -31.69171,-10.469 -47.12341,-16.86103 -15.43167,-6.39197 -30.51291,-13.52484 -45.24374,-21.39868 -14.73087,-7.87385 -29.04035,-16.45063 -42.9285,-25.73041 -13.88814,-9.27973 -27.28806,-19.21771 -40.19975,-29.81403 -12.91169,-10.59631 -25.27298,-21.79993 -37.08388,-33.6109 C 161.56464,862.8136 150.36102,850.45227 139.76466,837.54059 129.1683,824.62891 119.23025,811.22894 109.95049,797.34076 100.67073,783.4527 92.093948,769.14325 84.220139,754.41235 76.346344,739.68146 69.21344,724.60022 62.821426,709.16852 56.429417,693.73688 50.809082,678.02911 45.960423,662.04523 41.111759,646.06128 37.058117,629.87823 33.7995,613.49603 30.540884,597.11389 28.092979,580.61151 26.455788,563.98877 24.818596,547.36609 24,530.70319 24,514 c 0,-16.70309 0.818596,-33.36603 2.455788,-49.98874 1.637191,-16.62271 4.085096,-33.12515 7.343712,-49.50735 3.258617,-16.38218 7.312259,-32.56519 12.160923,-48.54911 4.848659,-15.98388 10.468994,-31.69168 16.861003,-47.12338 6.392014,-15.43167 13.524918,-30.51291 21.39872,-45.24374 7.873802,-14.73084 16.450584,-29.04035 25.730344,-42.92852 9.27976,-13.88813 19.21783,-27.28804 29.81419,-40.19973 10.59634,-12.9117 21.79996,-25.273 33.61084,-37.0839 11.8109,-11.81089 24.17221,-23.01451 37.08391,-33.61087 12.91168,-10.59635 26.31158,-20.534413 40.19972,-29.814175 13.88815,-9.279754 28.19763,-17.856529 42.9285,-25.730331 14.73083,-7.873802 29.81207,-15.00671 45.24374,-21.39872 15.4317,-6.39201 31.1395,-12.012342 47.12338,-16.861004 15.98392,-4.848663 32.16696,-8.902305 48.54914,-12.160924 16.3822,-3.258618 32.88464,-5.7065237 49.50735,-7.3437164 C 500.63397,4.8185964 517.29688,4 534,4 c 16.70313,0 33.36603,0.8185964 49.98871,2.4557891 16.62274,1.6371932 33.12512,4.0850989 49.50726,7.3437169 16.3822,3.258619 32.56525,7.312261 48.54913,12.160922 15.98395,4.848662 31.69172,10.468996 47.12336,16.861006 15.4317,6.39201 30.51294,13.524914 45.24383,21.398712 14.73084,7.873802 29.04035,16.450585 42.92847,25.730339 13.88812,9.279762 27.28809,19.217825 40.19977,29.814175 12.91168,10.59636 25.27301,21.79998 37.08386,33.61087 11.81097,11.8109 23.01459,24.1722 33.6109,37.0839 10.59631,12.91169 20.5343,26.3116 29.81403,40.19973 9.27978,13.88817 17.85656,28.19768 25.7304,42.92852 7.87384,14.73083 15.00672,29.81207 21.39868,45.24374 6.392,15.4317 12.0124,31.1395 16.8611,47.12338 4.8487,15.98392 8.9023,32.16693 12.1608,48.54911 3.2587,16.3822 5.7067,32.88464 7.3439,49.50735 C 1043.1814,480.63397 1044,497.29691 1044,514 Z" /><path
             id="path88"
             style="fill:#fcfdfc;fill-opacity:1;fill-rule:nonzero;stroke:none"
             d="m 1019,514 c -10e-5,-15.88437 -0.7786,-31.73047 -2.3355,-47.53833 -1.557,-15.80786 -3.8849,-31.50137 -6.9838,-47.08054 -3.0988,-15.57913 -6.9538,-30.96887 -11.56479,-46.16925 C 993.505,358.01154 988.16016,343.07373 982.08142,328.3985 976.00275,313.7233 969.21954,299.38132 961.73169,285.37259 954.24384,271.36383 946.08752,257.75577 937.26263,244.5484 928.43787,231.34106 918.987,218.59802 908.91003,206.31926 898.83313,194.0405 888.17871,182.28514 876.94672,171.05321 865.71478,159.82129 853.95941,149.16685 841.6806,139.08993 829.40186,129.01302 816.65881,119.56211 803.45148,110.73724 790.24414,101.91237 776.63605,93.75602 762.62732,86.268188 748.61859,78.780357 734.27655,71.997101 719.60132,65.918419 704.92609,59.839745 689.98834,54.494915 674.78802,49.883934 659.58765,45.272953 644.19788,41.418018 628.61871,38.319138 613.03967,35.220257 597.34619,32.892349 581.53827,31.335411 565.73047,29.778473 549.88434,29.000002 534,29 c -15.88434,2e-6 -31.73044,0.778473 -47.53827,2.335411 -15.80789,1.556934 -31.5014,3.884842 -47.08053,6.983723 -15.57914,3.098884 -30.96888,6.953815 -46.16922,11.564796 -15.20041,4.610985 -30.13822,9.955815 -44.81345,16.034489 -14.67523,6.078682 -29.01721,12.861931 -43.02594,20.349762 -14.00876,7.487831 -27.61682,15.644179 -40.82419,24.469049 -13.20735,8.82487 -25.95041,18.27577 -38.22917,28.3527 -12.27876,10.07692 -24.0341,20.73136 -35.26604,31.96328 -11.23192,11.23193 -21.88635,22.98727 -31.96327,35.26603 -10.07692,12.27877 -19.52783,25.02182 -28.35271,38.22916 -8.82486,13.20737 -16.98121,26.81543 -24.46905,40.82419 -7.487826,14.00873 -14.271074,28.35071 -20.349749,43.02591 -6.078666,14.67523 -11.4235,29.61304 -16.034485,44.81338 -4.610977,15.20038 -8.465911,30.59012 -11.564792,46.16925 -3.098881,15.57917 -5.426792,31.27268 -6.983727,47.08057 C 49.778469,482.26953 49,498.11563 49,514 c 0,15.88434 0.778469,31.73047 2.335407,47.53827 1.556935,15.80792 3.884842,31.5014 6.983723,47.0805 3.098885,15.57911 6.953819,30.96888 11.564796,46.16925 4.610985,15.20038 9.955819,30.13813 16.034485,44.81336 6.078675,14.67523 12.861923,29.01727 20.349759,43.026 7.48783,14.00873 15.64418,27.61676 24.46904,40.82404 8.82488,13.20739 18.27579,25.95044 28.35271,38.22918 10.07692,12.27881 20.73135,24.03418 31.96327,35.26612 11.23194,11.23193 22.98728,21.88641 35.26604,31.96338 12.27876,10.07684 25.0218,19.52771 38.22914,28.35253 13.2074,8.82489 26.81546,16.98127 40.82422,24.46912 14.00873,7.48785 28.35071,14.27106 43.02591,20.34967 14.67526,6.07868 29.61307,11.42352 44.81348,16.03449 15.20034,4.61102 30.59008,8.46594 46.16922,11.56482 15.57913,3.09893 31.27264,5.42687 47.08053,6.98382 C 502.26956,998.2215 518.11566,999 534,999 c 15.88434,0 31.73047,-0.7785 47.53827,-2.33545 15.80792,-1.55695 31.5014,-3.88483 47.08044,-6.98376 15.57917,-3.09894 30.96894,-6.95386 46.16931,-11.56482 15.20032,-4.61103 30.13807,-9.95587 44.8133,-16.03455 14.67523,-6.07861 29.01727,-12.86182 43.026,-20.34967 14.00873,-7.48785 27.61682,-15.64423 40.82416,-24.46912 13.20733,-8.82482 25.95044,-18.27569 38.22918,-28.35253 12.27875,-10.07697 24.03412,-20.73145 35.26606,-31.96338 11.23199,-11.23194 21.88641,-22.98731 31.96331,-35.26612 10.07697,-12.27874 19.52784,-25.02179 28.3526,-38.22918 8.82489,-13.20728 16.98121,-26.81531 24.46906,-40.8241 7.48785,-14.00873 14.27106,-28.35071 20.34973,-43.02594 6.07874,-14.67523 11.42358,-29.61298 16.03449,-44.81329 4.61099,-15.20044 8.46599,-30.59021 11.56479,-46.16932 3.0989,-15.5791 5.4268,-31.27258 6.9838,-47.0805 1.5569,-15.8078 2.3354,-31.65393 2.3355,-47.53827" /><path
             id="path90"
             style="fill:#000000;fill-opacity:1;fill-rule:nonzero;stroke:none"
             d="m 235,106 v 11 H 438 L 393,256 H 343 C 293.70444,213.18658 237.70445,181.85326 175,162 l -18,15 c 19.8201,5.63681 39.15433,12.57425 58.00267,20.8123 18.84834,8.23805 37.03404,17.69948 54.55708,28.38426 17.52301,10.68477 34.21903,22.49268 50.08808,35.42374 15.86902,12.93109 30.76223,26.86404 44.67965,41.79886 13.91733,14.93478 26.72834,30.73138 38.43302,47.3898 11.70465,16.65842 22.19317,34.0224 31.46557,52.09195 9.27237,18.06952 17.24167,36.67514 23.90787,55.81689 6.66623,19.14176 11.96683,38.64008 15.90186,58.49497 3.93493,19.8548 6.46737,39.88 7.59729,60.07562 1.12991,20.19562 0.84671,40.37213 -0.84958,60.52966 -1.69632,20.15747 -4.78986,40.10688 -9.28055,59.84815 -4.49075,19.74127 -10.33655,39.08935 -17.53744,58.04419 -7.20093,18.95471 -15.68943,37.33844 -25.46546,55.15118 -9.77603,17.81269 -20.74792,34.88739 -32.91568,51.224 -12.16775,16.33649 -25.4173,31.78174 -39.7486,46.33576 C 341.50452,922.97534 326.22592,936.50159 310,949 l 17,11 c 20.061,-15.94495 38.65872,-33.38489 55.79321,-52.31982 17.13443,-18.93488 32.57608,-39.11103 46.32489,-60.52851 13.74881,-21.41742 25.62058,-43.78918 35.6153,-67.11529 9.99472,-23.32599 17.97845,-47.29383 23.95123,-71.90351 5.97275,-24.60968 9.85452,-49.53131 11.6453,-74.76501 1.7908,-25.2337 1.46658,-50.44135 -0.9726,-75.62293 -2.43921,-25.18158 -6.96069,-49.99972 -13.56448,-74.45434 C 479.18906,458.83594 470.59143,435.07242 460,412 h 565 V 400 H 613 l 33,-138 h 42 l 27,46 27,-46 h 76 l 21,63 13,-7 -16,-56 h 132 v -6 H 834 L 796,122 723,256 h -9 L 651,147 626,256 h -60 l -7,-14 -9,14 H 504 L 445,117 h 392 v -11 z m 205,59 41,91 h -67 z m 351,14 25,77 h -71 z m -133,32 26,45 h -37 z m -468,21 c -3,8 -7,21 -19,22 h -12 v 18 h 31 v 82 h 23 V 232 Z m 159,30 h 42 l -10,32 c -10.13794,-11.17322 -20.8046,-21.83987 -32,-32 m 63,0 h 72 l 37,83 36,-50 55,105 H 454 c -15.6651,-31.09335 -34.6651,-60.09335 -57,-87 z m 95,0 h 40 l -23,39 z m 62,0 h 56 l -17,77 z m 148,0 h 2 l -1,2 z m -385,82 c -41,0 -44,40 -41,41 h 19 c -1,-8 1,-25 21,-24 26,-1 22,24 21,25 -7,33 -67,52 -63,82 h 84 v -21 h -46 c 19,-16 44,-39 46,-61 0,-22 -10,-41 -41,-42 m -73,17 c -14,1 -62,27 -63,29 -1,5 14,3 23,6 l -178,186 3,6 182,-188 c 9,11 4,26 8,28 5,0 35,-64 27,-67 z m 379,119 -128,50 128,50 V 538 H 830 V 522 H 638 Z m -242,67 c -42,-1 -43,40 -40,41 h 17 c -1,-7 1,-23 23,-22 24,0 24,16 16,27 -7,10 -28,8 -28,8 v 16 c 45,-6 38,42 12,40 -22,-2 -23,-26 -23,-27 h -17 c -2,12 4,45 40,45 34,5 66,-53 20,-66 29,-10 28,-60 -20,-62 m -84,5 -272,63 5,21 271,-83 z m 500,48 v 42 H 620 v 16 h 192 v 42 L 940,650 Z M 350,733 c -14,1 -45,53 -52,78 v 17 h 48 v 26 h 23 v -26 h 13 v -17 h -13 v -78 z m -7,27 c 5,0 3,42 2,51 h -28 c 5.38474,-18.67316 14.05142,-35.67316 26,-51 m 223,5 v 155 h 17 V 765 Z m 218,0 v 155 h 20 V 765 Z m -297,1 v 154 h 20 V 766 Z m 150,0 v 154 h 22 V 766 Z m 74,0 v 154 h 22 V 766 Z m 107,68 v 81 h 16 v -81 z m -287,1 v 85 h 11 v -85 z m 146,0 v 82 h 12 v -82 z m 72,0 v 81 h 13 v -81 z m -144,1 v 81 h 11 v -81 z" /></g><g
           transform="scale(3.125)"
           id="g92"><text
             id="text96"
             style="font-variant:normal;font-weight:bold;font-size:14px;font-family:Arial;-inkscape-font-specification:Arial-BoldMT;writing-mode:lr-tb;fill:#111827;fill-opacity:1;fill-rule:nonzero;stroke:none"
             transform="translate(13,141)"><tspan
               id="tspan94"
               y="0"
               x="0 8.5517578 17.103516 24.889648 33.441406 38.103516 45.889648">Fuente:</tspan></text>
<text
             id="text100"
             style="font-variant:normal;font-weight:normal;font-size:14px;font-family:ArialMT;-inkscape-font-specification:ArialMT;writing-mode:lr-tb;fill:#111827;fill-opacity:1;fill-rule:nonzero;stroke:none"
             transform="translate(13,159)"><tspan
               id="tspan98"
               y="0"
               x="0 7.7861328 14.786133 18.675781 26.461914 31.124023 38.910156 46.696289 49.806641 53.696289 61.482422 68.482422 76.268555">external user</tspan></text>
<text
             id="text104"
             style="font-variant:normal;font-weight:bold;font-size:14px;font-family:Arial;-inkscape-font-specification:Arial-BoldMT;writing-mode:lr-tb;fill:#111827;fill-opacity:1;fill-rule:nonzero;stroke:none"
             transform="translate(147,141)"><tspan
               id="tspan102"
               y="0"
               x="0 9.3378906 17.124023 21.786133 25.675781 38.124023 46.675781 50.56543 59.117188">Estimulo:</tspan></text>
<text
             id="text108"
             style="font-variant:normal;font-weight:normal;font-size:14px;font-family:ArialMT;-inkscape-font-specification:ArialMT;writing-mode:lr-tb;fill:#111827;fill-opacity:1;fill-rule:nonzero;stroke:none"
             transform="translate(147,159)"><tspan
               id="tspan106"
               y="0"
               x="0 7.7861328 15.572266 23.358398 31.144531 35.03418 42.03418 49.820312 57.606445 64.606445 72.392578 77.054688 81.716797 89.50293 97.289062">1000 concurrent</tspan></text>
<text
             id="text112"
             style="font-variant:normal;font-weight:normal;font-size:14px;font-family:ArialMT;-inkscape-font-specification:ArialMT;writing-mode:lr-tb;fill:#111827;fill-opacity:1;fill-rule:nonzero;stroke:none"
             transform="translate(147,177)"><tspan
               id="tspan110"
               y="0"
               x="0 7.7861328 14.786133 22.572266 27.234375">users</tspan></text>
<text
             id="text116"
             style="font-variant:normal;font-weight:bold;font-size:14px;font-family:Arial;-inkscape-font-specification:Arial-BoldMT;writing-mode:lr-tb;fill:#111827;fill-opacity:1;fill-rule:nonzero;stroke:none"
             transform="translate(281,141)"><tspan
               id="tspan114"
               y="0"
               x="0 9.3378906 17.889648 22.551758 31.103516 36.551758 45.103516 53.655273">Entorno:</tspan></text>
<text
             id="text120"
             style="font-variant:normal;font-weight:normal;font-size:14px;font-family:ArialMT;-inkscape-font-specification:ArialMT;writing-mode:lr-tb;fill:#111827;fill-opacity:1;fill-rule:nonzero;stroke:none"
             transform="translate(281,159)"><tspan
               id="tspan118"
               y="0"
               x="0 7.7861328 15.572266 23.358398 30.358398 34.248047 42.03418 49.820312 57.606445 62.268555">peak hours</tspan></text>
<text
             id="text124"
             style="font-variant:normal;font-weight:bold;font-size:14px;font-family:Arial;-inkscape-font-specification:Arial-BoldMT;writing-mode:lr-tb;fill:#111827;fill-opacity:1;fill-rule:nonzero;stroke:none"
             transform="translate(439,141)"><tspan
               id="tspan122"
               y="0"
               x="0 10.110352 17.896484 25.682617 34.234375 42.786133 50.572266 58.358398 63.020508 70.806641">Respuesta:</tspan></text>
<text
             id="text128"
             style="font-variant:normal;font-weight:normal;font-size:14px;font-family:ArialMT;-inkscape-font-specification:ArialMT;writing-mode:lr-tb;fill:#111827;fill-opacity:1;fill-rule:nonzero;stroke:none"
             transform="translate(439,159)"><tspan
               id="tspan126"
               y="0"
               x="0 4.6621094 12.448242 19.448242 27.234375 35.020508 42.806641 49.806641 57.592773 61.482422 65.37207 68.482422 80.144531 87.930664 91.820312 99.996094 103.88574 111.67188">response time &lt; 2s</tspan></text>
<text
             id="text132"
             style="font-variant:normal;font-weight:bold;font-size:14px;font-family:Arial;-inkscape-font-specification:Arial-BoldMT;writing-mode:lr-tb;fill:#111827;fill-opacity:1;fill-rule:nonzero;stroke:none"
             transform="translate(573,141)"><tspan
               id="tspan130"
               y="0"
               x="0 11.662109 19.448242 28 31.889648 40.441406 48.227539 56.013672">Medidas:</tspan></text>
<text
             id="text136"
             style="font-variant:normal;font-weight:normal;font-size:14px;font-family:ArialMT;-inkscape-font-specification:ArialMT;writing-mode:lr-tb;fill:#111827;fill-opacity:1;fill-rule:nonzero;stroke:none"
             transform="translate(573,159)"><tspan
               id="tspan134"
               y="0"
               x="0 3.1103516 10.896484 14.786133 22.572266 30.358398 37.358398 44.358398 48.248047 56.03418 63.820312 68.482422 75.482422 83.268555 91.054688 94.944336 98.054688 101.16504">latency percentile</tspan></text>
<text
             id="text140"
             style="font-variant:normal;font-weight:normal;font-size:14px;font-family:ArialMT;-inkscape-font-specification:ArialMT;writing-mode:lr-tb;fill:#111827;fill-opacity:1;fill-rule:nonzero;stroke:none"
             transform="translate(573,177)"><tspan
               id="tspan138"
               y="0"
               x="0 7.7861328 15.572266">p95</tspan></text>
<path
             id="path142"
             style="fill:#f9f9f9;fill-opacity:1;fill-rule:nonzero;stroke:none"
             d="m 15.5,290 v -88 c -10e-7,-0.36115 0.03523,-0.71883 0.105681,-1.07303 0.07045,-0.3542 0.17478,-0.69812 0.31298,-1.03175 0.138201,-0.33365 0.307619,-0.65061 0.508255,-0.95087 0.200636,-0.30028 0.428635,-0.57809 0.683996,-0.83345 0.25536,-0.25535 0.533177,-0.48337 0.833451,-0.68402 0.300272,-0.20062 0.617231,-0.37004 0.950876,-0.50824 0.333645,-0.1382 0.677566,-0.24251 1.031763,-0.31296 C 20.281199,196.53523 20.638865,196.5 21,196.5 h 267 c 0.36111,0 0.71878,0.0352 1.07297,0.10567 0.35418,0.0704 0.69812,0.17477 1.03177,0.31297 0.33361,0.1382 0.65057,0.30762 0.95086,0.50824 0.30027,0.20065 0.5781,0.42867 0.83347,0.68402 0.25537,0.25536 0.48337,0.53317 0.68399,0.83344 0.20065,0.30027 0.37006,0.61723 0.50824,0.95088 0.13821,0.33363 0.24252,0.67756 0.31299,1.03177 0.0705,0.3542 0.10571,0.71186 0.10571,1.07301 v 88 c 0,0.36111 -0.0353,0.71875 -0.10571,1.07297 -0.0705,0.35415 -0.17478,0.69809 -0.31299,1.03174 -0.13818,0.33364 -0.30759,0.6506 -0.50824,0.95086 -0.20062,0.3003 -0.42862,0.57813 -0.68399,0.8335 -0.25537,0.25534 -0.5332,0.48334 -0.83347,0.68399 -0.30029,0.20059 -0.61725,0.37002 -0.95086,0.50824 -0.33365,0.13821 -0.67759,0.24252 -1.03177,0.31299 -0.35419,0.0705 -0.71186,0.10568 -1.07297,0.10571 H 21 c -0.361135,-3e-5 -0.718801,-0.0353 -1.072998,-0.10571 -0.354197,-0.0705 -0.698118,-0.17478 -1.031763,-0.31299 -0.333645,-0.13822 -0.650604,-0.30765 -0.950876,-0.50824 -0.300274,-0.20065 -0.578091,-0.42865 -0.833451,-0.68399 -0.255361,-0.25537 -0.48336,-0.5332 -0.683996,-0.83347 -0.200636,-0.30029 -0.370054,-0.61725 -0.508256,-0.95089 -0.1382,-0.33365 -0.242527,-0.67759 -0.31298,-1.03174 C 15.535226,290.71875 15.499999,290.36111 15.5,290 Z" /><path
             id="path144"
             style="fill:none;stroke:#d0d0d0;stroke-width:1;stroke-linecap:butt;stroke-linejoin:miter;stroke-miterlimit:10;stroke-dasharray:none;stroke-opacity:1"
             d="m 15.5,290 v -88 c -10e-7,-0.36115 0.03523,-0.71883 0.105681,-1.07303 0.07045,-0.3542 0.17478,-0.69812 0.31298,-1.03175 0.138201,-0.33365 0.307619,-0.65061 0.508255,-0.95087 0.200636,-0.30028 0.428635,-0.57809 0.683996,-0.83345 0.25536,-0.25535 0.533177,-0.48337 0.833451,-0.68402 0.300272,-0.20062 0.617231,-0.37004 0.950876,-0.50824 0.333645,-0.1382 0.677566,-0.24251 1.031763,-0.31296 C 20.281199,196.53523 20.638865,196.5 21,196.5 h 267 c 0.36111,0 0.71878,0.0352 1.07297,0.10567 0.35418,0.0704 0.69812,0.17477 1.03177,0.31297 0.33361,0.1382 0.65057,0.30762 0.95086,0.50824 0.30027,0.20065 0.5781,0.42867 0.83347,0.68402 0.25537,0.25536 0.48337,0.53317 0.68399,0.83344 0.20065,0.30027 0.37006,0.61723 0.50824,0.95088 0.13821,0.33363 0.24252,0.67756 0.31299,1.03177 0.0705,0.3542 0.10571,0.71186 0.10571,1.07301 v 88 c 0,0.36111 -0.0353,0.71875 -0.10571,1.07297 -0.0705,0.35415 -0.17478,0.69809 -0.31299,1.03174 -0.13818,0.33364 -0.30759,0.6506 -0.50824,0.95086 -0.20062,0.3003 -0.42862,0.57813 -0.68399,0.8335 -0.25537,0.25534 -0.5332,0.48334 -0.83347,0.68399 -0.30029,0.20059 -0.61725,0.37002 -0.95086,0.50824 -0.33365,0.13821 -0.67759,0.24252 -1.03177,0.31299 -0.35419,0.0705 -0.71186,0.10568 -1.07297,0.10571 H 21 c -0.361135,-3e-5 -0.718801,-0.0353 -1.072998,-0.10571 -0.354197,-0.0705 -0.698118,-0.17478 -1.031763,-0.31299 -0.333645,-0.13822 -0.650604,-0.30765 -0.950876,-0.50824 -0.300274,-0.20065 -0.578091,-0.42865 -0.833451,-0.68399 -0.255361,-0.25537 -0.48336,-0.5332 -0.683996,-0.83347 -0.200636,-0.30029 -0.370054,-0.61725 -0.508256,-0.95089 -0.1382,-0.33365 -0.242527,-0.67759 -0.31298,-1.03174 C 15.535226,290.71875 15.499999,290.36111 15.5,290 Z" /></g></g></g><g
       id="g146"><g
         clip-path="url(#clipPath152)"
         id="g148"><g
           transform="scale(3.125)"
           id="g154"><text
             id="text158"
             style="font-variant:normal;font-weight:bold;font-size:11px;font-family:Arial;-inkscape-font-specification:Arial-BoldMT;writing-mode:lr-tb;fill:#333333;fill-opacity:1;fill-rule:nonzero;stroke:none"
             transform="translate(31,218)"><tspan
               id="tspan156"
               y="0"
               x="0 7.3369141 10.393066 16.510742 20.173828 26.291504 36.072266 42.189941">Sistema:</tspan></text>
<text
             id="text162"
             style="font-variant:normal;font-weight:normal;font-size:11px;font-family:ArialMT;-inkscape-font-specification:ArialMT;writing-mode:lr-tb;fill:#333333;fill-opacity:1;fill-rule:nonzero;stroke:none"
             transform="translate(83.915527,218)"><tspan
               id="tspan160"
               y="0"
               x="0 7.3369141 12.836914 18.95459 28.117676 37.280762 43.398438 47.061523 52.561523">Ecommerce</tspan></text>
</g></g></g><g
       id="g164"><g
         clip-path="url(#clipPath170)"
         id="g166"><g
           transform="scale(3.125)"
           id="g172"><text
             id="text176"
             style="font-variant:normal;font-weight:bold;font-size:11px;font-family:Arial;-inkscape-font-specification:Arial-BoldMT;writing-mode:lr-tb;fill:#333333;fill-opacity:1;fill-rule:nonzero;stroke:none"
             transform="translate(31,237)"><tspan
               id="tspan174"
               y="0"
               x="0 7.9438477 11.606934 15.887695 18.943848 25.663086 32.382324 36.04541 42.764648">Atributo:</tspan></text>
<text
             id="text180"
             style="font-variant:normal;font-weight:normal;font-size:11px;font-family:ArialMT;-inkscape-font-specification:ArialMT;writing-mode:lr-tb;fill:#333333;fill-opacity:1;fill-rule:nonzero;stroke:none"
             transform="translate(84.493652,237)"><tspan
               id="tspan178"
               y="0"
               x="0 7.3369141 13.45459 17.117676 20.173828 26.291504 29.95459 39.117676 45.235352 51.353027 56.853027 62.970703 70.914551 77.032227 83.149902 88.649902 94.149902 100.26758 106.38525">PerformanceCheckout</tspan></text>
</g></g></g><g
       id="g182"><g
         clip-path="url(#clipPath188)"
         id="g184"><g
           transform="scale(3.125)"
           id="g190"><text
             id="text194"
             style="font-variant:normal;font-weight:bold;font-size:11px;font-family:Arial;-inkscape-font-specification:Arial-BoldMT;writing-mode:lr-tb;fill:#333333;fill-opacity:1;fill-rule:nonzero;stroke:none"
             transform="translate(31,257)"><tspan
               id="tspan192"
               y="0"
               x="0 7.9438477 14.061523 17.724609 23.842285 30.561523 37.280762 41.561523 44.617676 50.735352">Categoría:</tspan></text>
<text
             id="text198"
             style="font-variant:normal;font-weight:normal;font-size:11px;font-family:ArialMT;-inkscape-font-specification:ArialMT;writing-mode:lr-tb;fill:#333333;fill-opacity:1;fill-rule:nonzero;stroke:none"
             transform="translate(92.462402,257)"><tspan
               id="tspan196"
               y="0"
               x="0 7.3369141 13.45459 17.117676 20.173828 26.291504 29.95459 39.117676 45.235352 51.353027 56.853027 62.970703 70.307617 73.165039 76.221191 78.665039 84.165039 86.608887 92.726562 98.844238 104.34424 109.02783 112.08398 118.39502 120.83887 130.00195 136.11963 143.45654 149.57422 155.69189 161.80957 167.30957 169.75342 175.87109 181.98877">PerformanceEfficiency.TimeBehaviour</tspan></text>
</g></g></g><g
       id="g200"><g
         clip-path="url(#clipPath206)"
         id="g202"><g
           transform="scale(3.125)"
           id="g208"><text
             id="text212"
             style="font-variant:normal;font-weight:bold;font-size:11px;font-family:Arial;-inkscape-font-specification:Arial-BoldMT;writing-mode:lr-tb;fill:#333333;fill-opacity:1;fill-rule:nonzero;stroke:none"
             transform="translate(31,276)"><tspan
               id="tspan210"
               y="0"
               x="0 9.1630859 15.882324 22.601562 25.657715 29.320801 32.376953 38.494629 44.612305 51.331543 58.050781">Modificado:</tspan></text>
<text
             id="text216"
             style="font-variant:normal;font-weight:normal;font-size:11px;font-family:ArialMT;-inkscape-font-specification:ArialMT;writing-mode:lr-tb;fill:#333333;fill-opacity:1;fill-rule:nonzero;stroke:none"
             transform="translate(99.774902,276)"><tspan
               id="tspan214"
               y="0"
               x="0 6.1176758 12.235352 15.291504 21.40918 24.465332 30.583008 36.700684 42.818359">13/5/2026</tspan></text>
</g></g></g></g></svg>